[app/ui]
version = 7.2.9.1
modtime = 1585219658.351932000

[app/launcher]
version = 7.2.9.1
modtime = 1585219658.353146000
